Fakes/Swope/SwopeDemographics/14786_s005aae2369_sexcat_good.txt
# %ECSV 0.9
# ---
# datatype:
# - name: sexcat_id
#   datatype: int32
# - name: glade_id
#   datatype: int32
# - name: ra_dec
#   datatype: float64
# - name: dec_dec
#   datatype: float64
# - name: glade_B
#   datatype: float64
# - name: filter
#   datatype: unicode
# - name: sex_mag
#   datatype: float64
# - name: num_pixels
#   datatype: int32
# - name: flux_radius
#   datatype: float64
# - name: x
#   datatype: float64
# - name: y
#   datatype: float64
# - name: cxx
#   datatype: float64
# - name: cyy
#   datatype: float64
# - name: cxy
#   datatype: float64
# - name: A
#   datatype: float64
# - name: B
#   datatype: float64
# - name: theta
#   datatype: float64
# - name: ellip
#   datatype: float64
# meta: !!omap
# - comment:
#   - image_file=/data/LCO/Swope/workstch/gw190425/1/s005aae2369.i.ut190429.5128_stch_1.sw.fits
# schema: astropy-2.0
sexcat_id glade_id ra_dec dec_dec glade_B filter sex_mag num_pixels flux_radius x y cxx cyy cxy A B theta ellip
2 472847 233.07706218 28.045692683 17.357 i 15.7142 637 5.866 3394.968 257.186 0.045001689 0.043598026 0.017999133 5.325 4.33 -47.2 0.187
38 2422656 233.51424722 28.053749732 18.7 i 17.0029 212 2.971 201.859 325.489 0.12494025 0.11748744 0.079695545 3.509 2.49 -47.7 0.29
83 529519 233.18645686 28.063183037 17.745 i 16.0444 409 3.619 2595.878 401.268 0.078366332 0.069024377 0.0024409406 3.811 3.569 -82.7 0.063
85 533512 233.33676055 28.067182545 17.013 i 15.3143 884 5.86 1498.25 434.619 0.040164161 0.029493816 0.018216318 6.419 4.694 -60.2 0.269
111 533516 233.33070876 28.072127041 17.468 i 16.0062 575 6.121 1542.477 475.503 0.070162207 0.03342317 0.044895515 6.625 3.518 -64.6 0.469
127 2422487 233.13947259 28.069722299 18.77 i 17.3207 189 3.399 2938.958 455.586 0.13976339 0.11949062 0.094442934 3.507 2.371 -51.1 0.324
138 533510 233.31552034 28.079509511 17.282 i 16.3328 497 6.557 1653.429 536.519 0.10580735 0.029193852 -0.069415599 7.953 2.897 68.9 0.636
147 2422441 233.04963431 28.074193665 18.84 i 17.0929 219 3.831 3594.946 493.341 0.11784444 0.098002352 -0.012294044 3.223 2.892 74.1 0.103
173 1156060 233.33092 28.07914275 17.87 i 16.3647 365 4.163 1540.981 533.566 0.079162784 0.072726518 0.030747922 4.074 3.303 -50.9 0.189
174 1233817 233.19128393 28.079201801 18.38 i 16.9219 299 4.846 2560.58 533.826 0.080273472 0.064137533 0.029514683 4.249 3.352 -59.3 0.211
214 1150522 233.00302627 28.089602772 17.75 i 16.3183 432 5.52 3935.045 621.447 0.070434831 0.045033302 0.017803352 4.867 3.695 -72.5 0.241
264 1233834 233.337174 28.099222006 18.04 i 16.525 372 5.29 1495.458 699.779 0.097644113 0.060634397 0.092929281 5.86 2.783 -55.9 0.525
267 472846 233.04443055 28.103465572 16.514 i 15.0738 1232 8.581 3632.566 735.653 0.021875983 0.024462862 0.007990404 7.26 6.045 -36.0 0.167
296 1145426 233.12481556 28.102962178 17.88 i 16.5411 321 4.351 3045.743 730.768 0.089923993 0.10108002 0.11999221 5.326 2.534 -42.3 0.524
345 472854 233.33830943 28.11626868 17.457 i 16.0397 567 6.327 1487.29 840.864 0.050541434 0.066141978 -0.080590874 7.603 3.172 39.5 0.583
348 2422625 233.45175151 28.112771805 18.72 i 17.2633 176 3.157 659.187 813.022 0.14819241 0.11938023 0.073862664 3.259 2.401 -55.7 0.263
502 42481 233.42260119 28.145523424 16.274 i 15.1465 1001 9.373 872.396 1083.717 0.0097263884 0.058198906 -0.016479352 10.934 4.097 9.4 0.625
661 2422569 233.32789567 28.181215229 18.29 i 16.9377 241 3.771 1563.722 1378.294 0.10595689 0.088254884 -0.0053633321 3.374 3.066 81.6 0.091
669 2422417 232.99951129 28.183396649 18.62 i 17.2079 273 5.949 3959.205 1397.73 0.071289368 0.062156908 -0.0029844041 4.019 3.739 81.0 0.07
741 2422534 233.26349039 28.198187426 19.03 i 17.2144 203 3.914 2033.583 1518.514 0.17565633 0.07890252 0.11122556 4.321 2.231 -65.5 0.484
761 2422438 233.04256627 28.201408162 17.95 i 16.7119 264 3.923 3644.894 1546.241 0.087209217 0.097392425 -0.017323289 3.487 3.126 29.8 0.104
763 1415109 233.14487236 28.201448812 18.76 i 17.1421 181 2.956 2898.725 1545.716 0.13817997 0.12426159 -0.0097553264 2.855 2.675 72.5 0.063
788 2422475 233.12831331 28.206808599 18.49 i 16.9281 232 3.668 3019.46 1590.17 0.11049104 0.093105145 0.005771758 3.286 3.002 -80.8 0.086
810 1150534 233.16790314 28.21226401 17.81 i 16.4076 401 5.086 2730.703 1635.114 0.047072891 0.068300299 0.0066911974 4.634 3.812 -8.7 0.177
1069 1233996 233.23313557 28.270189599 18.7 i 17.0203 245 4.569 2254.979 2114.368 0.10216739 0.087692685 0.03808501 3.662 2.945 -55.4 0.196
1105 2422508 233.20844503 28.276739665 18.93 i 17.23 208 3.998 2434.93 2168.595 0.082807727 0.13360918 -0.038322803 3.618 2.672 18.5 0.261
1120 1437103 233.36719329 28.27953104 18.81 i 17.2413 169 2.863 1277.949 2192.213 0.16845143 0.11484852 0.010053942 2.957 2.433 -84.7 0.177
1142 1234009 233.15117423 28.287741826 18.46 i 16.8519 328 6.082 2852.275 2259.833 0.083594345 0.09636157 -0.13420509 6.656 2.521 42.3 0.621
1400 53133 233.19412928 28.367168156 15.239 i 14.4153 2410 13.954 2539.022 2916.997 0.01600777 0.0057975743 0.0037582 13.53 7.822 -79.9 0.422
1569 1150558 233.21571531 28.408761765 17.57 i 16.1143 573 6.575 2381.779 3261.183 0.083847925 0.022966575 -0.037754588 7.54 3.348 74.1 0.556
1909 1415206 233.18261641 28.46738407 18.72 i 17.9391 121 2.731 2622.51 3746.406 0.15327284 0.19429705 0.019345038 2.573 2.256 -12.6 0.123
2094 489787 233.14983098 28.454976319 16.224 i 14.8013 2179 12.855 2861.104 3643.854 0.013217852 0.0090505183 0.0057671932 11.489 8.25 -62.9 0.282
2103 635649 233.47082947 28.512831332 17.801 i 16.2384 392 4.183 526.418 4124.15 0.063927442 0.084303714 -0.056602169 4.765 3.098 35.1 0.35
