Fakes/Swope/SwopeDemographics/14792_s005aae24707_sexcat_good.txt
# %ECSV 0.9
# ---
# datatype:
# - name: sexcat_id
#   datatype: int32
# - name: glade_id
#   datatype: int32
# - name: ra_dec
#   datatype: float64
# - name: dec_dec
#   datatype: float64
# - name: glade_B
#   datatype: float64
# - name: filter
#   datatype: unicode
# - name: sex_mag
#   datatype: float64
# - name: num_pixels
#   datatype: int32
# - name: flux_radius
#   datatype: float64
# - name: x
#   datatype: float64
# - name: y
#   datatype: float64
# - name: cxx
#   datatype: float64
# - name: cyy
#   datatype: float64
# - name: cxy
#   datatype: float64
# - name: A
#   datatype: float64
# - name: B
#   datatype: float64
# - name: theta
#   datatype: float64
# - name: ellip
#   datatype: float64
# meta: !!omap
# - comment:
#   - image_file=/data/LCO/Swope/workstch/gw190425/1/s005aae24707.r.ut190425.1115_stch_1.sw.fits
# schema: astropy-2.0
sexcat_id glade_id ra_dec dec_dec glade_B filter sex_mag num_pixels flux_radius x y cxx cyy cxy A B theta ellip
34 1060426 259.92896997 -1.2561695166 17.082 r 17.0454 328 5.236 3227.764 366.306 0.083833449 0.05606721 -0.033217583 4.55 3.304 64.9 0.274
593 1112186 260.0871769 -1.2218574566 16.92 r 16.827 342 4.93 1918.764 650.292 0.053001966 0.095059827 -0.00040966488 4.344 3.243 0.3 0.253
910 246780 259.94131491 -1.1962485498 15.844 r 15.8242 831 5.991 3125.639 862.215 0.044466831 0.025821567 -0.0059133074 6.279 4.718 81.2 0.249
990 263850 260.0680095 -1.1935710881 16.554 r 16.6061 418 6.158 2077.354 884.39 0.082155429 0.034372859 0.01695996 5.512 3.458 -80.2 0.373
1188 432155 260.13031594 -1.1710962214 16.219 r 15.6821 1463 13.835 1561.819 1070.381 0.018324388 0.007976084 0.0056780507 11.746 7.245 -75.6 0.383
1498 1060436 260.17862613 -1.1660260857 17.177 r 17.1395 278 4.543 1162.09 1112.325 0.065940946 0.10211893 0.045229174 4.261 2.975 -25.7 0.302
1577 246781 259.9959874 -1.1451524958 16.106 r 16.2008 710 8.293 2673.279 1285.095 0.023833649 0.036911801 0.013056525 6.879 5.024 -22.5 0.27
1739 132495 260.16986825 -1.14918333 16.013 r 16.1237 466 4.239 1234.549 1251.718 0.049888976 0.10017776 -0.073501535 5.726 2.892 27.8 0.495
1826 432157 260.01764941 -1.142234089 16.409 r 16.2468 521 5.916 2494.043 1309.25 0.049521498 0.049721517 0.0039465465 4.581 4.402 -43.5 0.039
2000 429775 259.99021258 -1.13035957 16.446 r 16.7797 479 7.335 2721.063 1407.519 0.041829348 0.045476619 0.034267254 6.152 4.053 -42.0 0.341
2037 246794 260.19048206 -1.1308236521 16.907 r 17.0849 277 4.566 1063.978 1403.653 0.072038077 0.10645997 0.05823512 4.248 2.85 -29.7 0.329
2122 327965 260.19898119 -1.1118471842 16.59 r 14.6728 2654 16.577 993.646 1560.697 0.0099490257 0.0080909459 0.0019503514 11.416 9.821 -66.8 0.14
2145 429774 259.91339196 -1.1187324284 16.573 r 16.6007 485 6.724 3356.704 1503.723 0.075905375 0.061034054 0.10364056 7.877 2.877 -49.1 0.635
2146 429773 260.00122161 -1.1235772672 16.54 r 16.4722 469 5.61 2629.973 1463.65 0.03779427 0.075347245 -0.0042048604 5.152 3.64 3.2 0.293
3120 246788 260.23344224 -1.0525547115 15.381 r 15.3611 1295 10.49 708.474 2051.38 0.015781576 0.019752432 -0.0046898071 8.249 6.927 24.9 0.16
3186 432158 260.0204062 -1.053072575 17.231 r 16.8929 337 6.63 2471.239 2047.14 0.10832671 0.031616662 0.052598454 6.528 2.93 -72.8 0.551
3222 432152 259.83399059 -1.0514571656 16.201 r 16.2513 583 11.258 4013.737 2060.449 0.037604488 0.039893281 -0.031324983 6.587 4.285 42.9 0.349
3273 34015 260.19383722 -1.0431048203 15.196 r 15.4224 1233 7.851 1036.183 2129.604 0.020681838 0.028424893 -0.024818042 9.303 5.16 36.3 0.445
3462 246793 260.23030277 -1.0372680704 16.746 r 16.9829 267 3.934 734.444 2177.893 0.072411135 0.11203877 -0.039973754 3.95 2.882 22.6 0.27
3557 328060 259.9068345 -1.0187805939 17.64 r 15.2126 1852 14.815 3410.999 2330.911 0.012347833 0.0090814568 -0.0047057089 11.286 8.582 62.4 0.24
3600 432159 260.07487087 -1.0248012338 16.505 r 16.5125 613 13.904 2020.571 2281.109 0.0238286 0.030073659 0.00061967171 6.48 5.765 -2.8 0.11
3693 21677 260.20574437 -1.0150202304 15.176 r 15.3107 1299 7.29 937.646 2362.024 0.020192033 0.023080966 0.0057475506 7.368 6.343 -31.7 0.139
3874 1060437 260.25134911 -1.0083301684 16.689 r 16.9871 416 9.426 560.279 2417.37 0.039771795 0.073038742 0.065588236 7.137 3.276 -31.6 0.541
3922 429778 260.2224121 -1.0062378385 17.19 r 17.2704 322 8.027 799.722 2434.7 0.059196889 0.057926498 -0.032746665 4.869 3.653 46.1 0.25
3954 246791 260.21830305 -0.99932650543 15.706 r 15.7872 957 10.01 833.72 2491.899 0.021059213 0.020666007 -0.0025962694 7.152 6.715 49.3 0.061
4154 12325 260.11737677 -0.97962624497 14.909 r 14.9643 2165 15.29 1668.845 2654.967 0.011694984 0.010087374 0.00011947793 9.958 9.246 -87.9 0.071
4681 1112187 260.12380159 -0.96075483295 17.344 r 17.4444 223 5.551 1615.678 2811.143 0.090391748 0.091059372 -0.0022828551 3.342 3.298 36.8 0.013
5002 246792 260.16662199 -0.93316851175 16.155 r 16.2267 656 8.207 1261.343 3039.434 0.040676557 0.025623165 -0.025235264 7.361 4.572 60.4 0.379
5103 246787 260.14876587 -0.93078937132 16.895 r 17.0359 340 7.128 1409.098 3059.128 0.058802791 0.073370978 -0.065936662 5.562 3.165 38.8 0.431
5226 432154 259.90006488 -0.92380130549 17.322 r 17.3499 305 7.345 3467.051 3116.948 0.055554863 0.062587485 0.0091537526 4.332 3.927 -26.2 0.093
6869 328255 260.03103157 -0.85443073799 17.04 r 15.0851 1665 10.221 2383.328 3691.077 0.011345356 0.025698777 -0.0085689677 9.919 6.099 15.4 0.385
