Fakes/Swope/SwopeDemographics/14855_s005aae37244_sexcat_good.txt
# %ECSV 0.9
# ---
# datatype:
# - name: sexcat_id
#   datatype: int32
# - name: glade_id
#   datatype: int32
# - name: ra_dec
#   datatype: float64
# - name: dec_dec
#   datatype: float64
# - name: glade_B
#   datatype: float64
# - name: filter
#   datatype: unicode
# - name: sex_mag
#   datatype: float64
# - name: num_pixels
#   datatype: int32
# - name: flux_radius
#   datatype: float64
# - name: x
#   datatype: float64
# - name: y
#   datatype: float64
# - name: cxx
#   datatype: float64
# - name: cyy
#   datatype: float64
# - name: cxy
#   datatype: float64
# - name: A
#   datatype: float64
# - name: B
#   datatype: float64
# - name: theta
#   datatype: float64
# - name: ellip
#   datatype: float64
# meta: !!omap
# - comment:
#   - image_file=/data/LCO/Swope/workstch/gw190425/1/s005aae37244.i.ut190428.4044_stch_1.sw.fits
# schema: astropy-2.0
sexcat_id glade_id ra_dec dec_dec glade_B filter sex_mag num_pixels flux_radius x y cxx cyy cxy A B theta ellip
4 579197 87.000090248 -25.612335089 16.905 i 15.737 851 9.825 3773.473 284.934 0.045934748 0.018455334 -0.034182098 9.87 4.298 64.4 0.564
6 688192 87.005676575 -25.608217696 16.722 i 15.7872 722 9.662 3731.834 319.073 0.077074371 0.062571123 -0.12435154 11.764 2.748 48.3 0.766
103 33606 86.949957848 -25.555053296 15.264 i 14.2225 2178 11.193 4148.503 758.353 0.031164933 0.0098897638 0.024786545 15.44 5.209 -65.3 0.663
193 37832 87.070794924 -25.567636679 15.569 i 13.9518 3487 14.142 3246.188 655.529 0.0072590592 0.0071828403 0.0075836913 17.077 9.529 -45.3 0.442
238 308286 87.437159597 -25.577059027 17.13 i 16.7663 455 8.411 511.22 576.524 0.069315523 0.044673599 0.079900295 8.114 3.181 -53.6 0.608
305 136244 87.11907616 -25.573305179 16.45 i 15.033 1169 8.27 2885.714 608.914 0.010508787 0.050163105 0.010538988 10.091 4.435 -7.4 0.561
322 322613 87.167668153 -25.573557583 18.25 i 17.1916 257 6.675 2522.966 606.991 0.066856831 0.072117634 -0.015468659 4.038 3.588 35.6 0.111
430 322620 87.039861074 -25.560016742 18.32 i 16.9447 273 4.909 3477.204 718.333 0.090194643 0.088250205 -0.086728998 4.67 2.746 45.6 0.412
509 322628 87.218741034 -25.550319467 18.12 i 17.2736 240 6.099 2141.679 799.34 0.10825664 0.098208785 -0.13395505 5.266 2.423 47.1 0.54
530 84687 86.976775698 -25.54697754 17.169 i 15.7741 589 5.011 3948.385 825.55 0.03695754 0.066485167 -0.018231567 5.394 3.805 15.8 0.295
575 112714 87.04860228 -25.542821712 17.76 i 16.1598 390 3.609 3412.107 860.717 0.060594436 0.099655904 -0.032908645 4.28 3.076 20.1 0.281
657 84685 86.965724257 -25.518919593 15.697 i 14.1842 2901 15.378 4031.319 1057.613 0.015291974 0.0048252973 0.0064412137 15.985 7.856 -74.2 0.509
685 84699 87.425419529 -25.526302158 15.842 i 15.3266 1385 12.051 598.164 996.737 0.0083202422 0.026784467 0.008042274 11.56 6.017 -11.8 0.48
687 80774 87.177869888 -25.519191675 15.874 i 14.1642 1856 10.931 2446.897 1056.938 0.015642703 0.010366371 0.0085740536 11.201 7.446 -60.8 0.335
690 9972 87.180033156 -25.47726222 15.874 i 13.1368 6379 13.729 2430.804 1403.945 0.0043464415 0.0051839831 0.0029104876 17.539 12.619 -37.0 0.28
716 80768 87.039518006 -25.52148683 16.263 i 14.6332 1474 6.341 3480.158 1037.201 0.016347051 0.03013696 -0.022183452 9.91 5.248 29.1 0.47
769 322642 87.143469692 -25.519077078 17.71 i 16.636 565 10.261 2703.816 1057.802 0.015279952 0.037714731 0.024719948 10.098 4.812 -23.9 0.524
821 322648 87.19482196 -25.510792577 17.57 i 16.386 532 7.719 2320.296 1126.465 0.052998491 0.033084814 -0.029655578 6.302 4.052 61.9 0.357
899 322653 87.144565874 -25.503197276 17.77 i 16.3519 453 5.134 2695.688 1189.226 0.048360031 0.080732852 -0.059675213 5.717 3.186 30.8 0.443
996 579365 87.192397919 -25.489333649 16.766 i 15.5445 801 5.632 2338.417 1304.055 0.031824082 0.046146531 -0.0045457836 5.637 4.637 8.8 0.177
1014 80771 87.1290524 -25.485671789 16.548 i 14.9846 1080 5.757 2811.647 1334.206 0.028188922 0.027583247 0.013124055 6.849 5.387 -46.3 0.213
1055 322666 87.107132336 -25.487083933 18.01 i 16.3036 349 3.771 2975.394 1322.414 0.062303554 0.10804579 -0.051374041 4.438 2.892 24.2 0.348
1067 84693 87.2631999 -25.479650997 16.124 i 15.0394 1436 11.068 1809.466 1384.094 0.012639413 0.021476395 -0.0069069345 9.345 6.642 19.0 0.289
1170 1188016 87.146719528 -25.466606424 17.14 i 16.6883 411 6.823 2679.731 1492.055 0.031466287 0.069022097 0.020852102 5.896 3.734 -14.5 0.367
1209 80783 87.306261357 -25.463679884 16.416 i 14.7244 1070 5.034 1487.654 1516.075 0.021808881 0.057013333 -0.021636343 7.303 4.08 15.8 0.441
1236 80778 87.214701204 -25.459444663 16.691 i 15.2631 906 5.736 2171.784 1551.414 0.041177675 0.033362288 0.032559682 6.98 4.303 -51.7 0.384
1365 534085 87.160289273 -25.443405995 16.708 i 15.6997 917 8.122 2578.404 1684.097 0.041113917 0.015383646 -0.0035939226 8.095 4.924 86.0 0.392
1415 84695 87.273254332 -25.431326502 15.613 i 14.7383 1947 14.889 1734.143 1783.986 0.010252611 0.013132697 -0.0076509942 11.467 7.961 34.7 0.306
1420 80781 87.253558678 -25.43270723 15.947 i 14.5007 2129 7.476 1881.351 1772.625 0.01655779 0.013269807 0.00061735848 8.69 7.765 -84.7 0.107
1443 80776 87.195045166 -25.43790234 16.267 i 14.8691 1135 5.917 2318.67 1729.696 0.018629724 0.044895578 0.0081971232 7.453 4.687 -8.7 0.371
1533 80780 87.245331195 -25.41678101 16.063 i 14.642 1271 6.089 1942.802 1904.449 0.056722142 0.01177942 -0.01087576 9.478 4.175 83.2 0.56
1683 80784 87.307053799 -25.406776368 16.193 i 14.6604 1365 5.287 1481.371 1986.997 0.017295683 0.041097056 0.013840001 8.05 4.825 -15.1 0.401
1885 1188103 87.299140473 -25.381108254 17.76 i 16.6537 381 6.153 1540.376 2199.467 0.088359274 0.05402448 -0.082223795 6.127 2.939 56.3 0.52
1913 322733 87.031199404 -25.379623524 18.29 i 16.9753 269 7.348 3543.803 2211.17 0.095305204 0.05436201 0.029658727 4.492 3.161 -72.0 0.296
1959 80772 87.138239027 -25.364523756 15.467 i 14.1403 2403 10.463 2743.512 2336.849 0.0099931452 0.014786067 0.0027462784 10.192 8.124 -14.9 0.203
2008 10891 87.340138695 -25.346557353 14.245 i 13.0934 7435 17.702 1233.538 2485.141 0.0031322939 0.0053409203 0.0014199016 18.494 13.424 -16.4 0.274
2090 80788 87.390730034 -25.345893076 15.908 i 14.5565 2008 8.787 855.146 2490.183 0.018914523 0.012342044 -0.0087680714 9.926 6.883 63.4 0.307
2103 84696 87.355325542 -25.35681597 16.529 i 15.3757 864 7.315 1120.049 2400.12 0.0085031968 0.10902485 0.0067454432 10.917 3.027 -1.9 0.723
2114 80785 87.361271401 -25.350171858 16.725 i 15.3564 848 5.223 1075.517 2455.055 0.047809567 0.028731301 -0.012403998 6.098 4.488 73.5 0.264
2230 80789 87.406046744 -25.338779646 17.066 i 15.4888 613 3.68 740.499 2548.886 0.041219886 0.081222326 0.0091060372 4.956 3.498 -6.4 0.294
2323 17726 87.081682219 -25.281725667 14.753 i 13.6515 4639 16.458 3167.077 3021.778 0.0093364837 0.0060794628 -0.0091765318 18.767 8.917 54.8 0.525
2361 308285 87.419923713 -25.315528983 17.06 i 16.0723 740 10.507 636.393 2741.145 0.032851603 0.016282011 -0.019666862 9.242 5.169 65.1 0.441
2378 136243 87.107789653 -25.301259931 15.357 i 14.1786 3065 12.099 2971.593 2860.274 0.0093221907 0.012456964 0.0096937949 13.136 7.91 -36.0 0.398
2399 80777 87.198156649 -25.292042306 15.991 i 14.8284 1554 10.511 2295.47 2936.816 0.0094727352 0.035611041 -0.01418906 11.417 5.17 14.2 0.547
2443 322760 87.180250052 -25.309600469 17.47 i 16.1018 530 6.428 2429.432 2791.492 0.037732214 0.054543916 0.015212287 5.36 4.171 -21.1 0.222
2492 322762 87.377494976 -25.306893058 18.15 i 17.3694 198 5.008 953.717 2813.075 0.10754006 0.091869399 -0.01083346 3.33 3.026 72.7 0.091
2508 322766 87.405600222 -25.300824124 17.9 i 17.3572 267 7.484 743.366 2863.008 0.13889553 0.031894684 0.0511912 6.191 2.629 -77.2 0.575
2565 84692 87.151799042 -25.291409766 16.966 i 15.5969 1057 10.039 2642.346 2941.975 0.022784568 0.016896248 0.0058809919 7.986 6.455 -67.5 0.192
2567 136241 86.939238536 -25.29087536 15.352 i 14.2885 2011 11.63 4232.871 2944.517 0.0079837143 0.03807272 0.022129571 15.157 4.897 -18.2 0.677
2589 84697 87.377092126 -25.289053984 15.96 i 14.8548 1070 7.779 956.54 2960.714 0.02216495 0.025533181 0.0011332608 6.731 6.247 -9.3 0.072
2893 84686 86.974990659 -25.250246453 17.472 i 16.0209 439 3.756 3965.923 3281.251 0.13862911 0.034789581 -0.043134145 5.727 2.645 78.7 0.538
2911 343609 87.328040221 -25.25599491 19.6 i 18.1439 124 4.315 1323.331 3234.714 0.095875748 0.20727034 0.054312449 3.341 2.164 -13.0 0.352
3013 308282 87.033020806 -25.233416347 17.75 i 16.3882 435 6.204 3531.733 3421.184 0.089885026 0.072215199 0.12655839 7.634 2.627 -49.0 0.656
3087 343602 87.287619732 -25.230500895 19.8 i 18.9452 70 4.19 1625.739 3445.933 0.39597714 0.11122178 0.04774173 3.026 1.585 -85.2 0.476
3120 579706 87.002613632 -25.217228343 17.901 i 16.5404 400 6.15 3759.571 3554.839 0.15981311 0.025065213 -0.066852592 7.619 2.442 76.8 0.679
3360 665183 86.956940579 -25.178859798 17.854 i 16.3927 309 4.31 4102.125 3871.806 0.038900811 0.1635 0.028258594 5.177 2.461 -6.4 0.525
3420 80787 87.38847202 -25.191387863 16.214 i 14.8152 1316 6.189 870.272 3768.879 0.024455925 0.030061552 0.016285885 7.323 5.28 -35.5 0.279
3449 84691 87.110236838 -25.213054208 16.572 i 15.8021 691 8.27 2953.795 3590.269 0.019190425 0.047204927 -0.016507939 7.683 4.497 15.3 0.415
3460 322813 87.079082078 -25.193801704 18.15 i 16.9563 316 5.536 3187.215 3749.412 0.057224732 0.10230162 -0.085695669 5.648 2.793 31.1 0.505
3532 129742 87.095345337 -25.204567385 18.1 i 16.2417 457 5.266 3065.352 3660.422 0.048718609 0.055940349 -0.0088156294 4.631 4.151 25.3 0.104
3656 80767 87.014799794 -25.146878434 15.952 i 14.5345 1684 6.656 3669.155 4137.187 0.029167131 0.014701026 0.0043143337 8.337 5.824 -81.7 0.301
