Fakes/Swope/SwopeDemographics/14854_s005aae37244_sexcat_good.txt
# %ECSV 0.9
# ---
# datatype:
# - name: sexcat_id
#   datatype: int32
# - name: glade_id
#   datatype: int32
# - name: ra_dec
#   datatype: float64
# - name: dec_dec
#   datatype: float64
# - name: glade_B
#   datatype: float64
# - name: filter
#   datatype: unicode
# - name: sex_mag
#   datatype: float64
# - name: num_pixels
#   datatype: int32
# - name: flux_radius
#   datatype: float64
# - name: x
#   datatype: float64
# - name: y
#   datatype: float64
# - name: cxx
#   datatype: float64
# - name: cyy
#   datatype: float64
# - name: cxy
#   datatype: float64
# - name: A
#   datatype: float64
# - name: B
#   datatype: float64
# - name: theta
#   datatype: float64
# - name: ellip
#   datatype: float64
# meta: !!omap
# - comment:
#   - image_file=/data/LCO/Swope/workstch/gw190425/1/s005aae37244.i.ut190425.1015_stch_1.sw.fits
# schema: astropy-2.0
sexcat_id glade_id ra_dec dec_dec glade_B filter sex_mag num_pixels flux_radius x y cxx cyy cxy A B theta ellip
227 322613 87.167694871 -25.573564821 18.25 i 17.3242 258 6.698 2522.767 606.931 0.068075694 0.063532859 -0.0086116157 4.051 3.762 58.9 0.071
511 80774 87.177863966 -25.51919059 15.874 i 14.2259 1886 11.267 2446.942 1056.947 0.015168518 0.010179455 0.0082961461 11.298 7.556 -60.5 0.331
585 322642 87.143507867 -25.519083416 17.71 i 16.6902 572 10.811 2703.531 1057.75 0.016740942 0.036709692 0.026022047 9.841 4.815 -26.2 0.511
628 322648 87.19476569 -25.510693057 17.57 i 16.4142 559 8.293 2320.716 1127.288 0.052489012 0.026039919 -0.026049091 6.95 4.159 67.7 0.402
697 9972 87.180119819 -25.477200522 15.874 i 13.1674 6407 14.742 2430.156 1404.456 0.0040927636 0.0050990614 0.0033690145 18.772 12.545 -36.7 0.332
698 322653 87.144598472 -25.503229508 17.77 i 16.3881 419 5.951 2695.444 1188.959 0.050216287 0.069471642 -0.040349253 5.165 3.488 32.2 0.325
701 7874 87.159587244 -25.477905177 14.072 i 13.1443 8003 21.759 2583.555 1398.584 0.0030635584 0.0034935095 0.00050407223 18.42 16.644 -24.8 0.096
784 579365 87.192404975 -25.489330925 16.766 i 15.5843 797 6.451 2338.364 1304.078 0.029051652 0.042774349 -0.0030300769 5.884 4.826 6.2 0.18
787 80771 87.129040953 -25.485681633 16.548 i 15.0517 1109 6.389 2811.733 1334.125 0.025753468 0.02641502 0.011262536 6.994 5.614 -43.3 0.197
816 322666 87.107120548 -25.487087062 18.01 i 16.3446 379 4.64 2975.482 1322.388 0.051069047 0.087184727 -0.032026418 4.714 3.275 20.8 0.305
828 84693 87.26323881 -25.479651362 16.124 i 15.1371 1373 10.921 1809.175 1384.091 0.013005607 0.021298097 -0.006140315 9.132 6.695 18.3 0.267
938 80783 87.306255657 -25.463685663 16.416 i 14.7793 1064 5.749 1487.697 1516.027 0.020460786 0.048618868 -0.016298085 7.398 4.436 15.0 0.4
943 1188016 87.146807945 -25.466581344 17.14 i 16.7661 377 7.274 2679.071 1492.263 0.036946945 0.063887067 0.0039398787 5.213 3.952 -4.2 0.242
951 80778 87.214696858 -25.459435706 16.691 i 15.2989 943 6.564 2171.816 1551.488 0.035634968 0.02945043 0.025723496 7.195 4.674 -51.8 0.35
1055 534085 87.160294392 -25.443401108 16.708 i 15.7681 915 8.516 2578.366 1684.138 0.040385507 0.014679263 -0.0039536091 8.297 4.967 85.6 0.401
1098 80781 87.253531501 -25.432705662 15.947 i 14.5429 2124 8.264 1881.554 1772.638 0.01597701 0.012757654 0.00030058945 8.856 7.91 -87.3 0.107
1108 80776 87.195062212 -25.437897289 16.267 i 14.9225 1134 6.511 2318.542 1729.738 0.017883774 0.040562347 0.0068839272 7.587 4.934 -8.4 0.35
1111 84695 87.273242601 -25.431334039 15.613 i 14.8137 1834 15.056 1734.23 1783.924 0.010418796 0.012736764 -0.006648785 11.141 8.138 35.4 0.269
1296 80784 87.307053369 -25.406781092 16.193 i 14.7042 1405 6.086 1481.374 1986.958 0.015874257 0.036986556 0.011940721 8.362 5.093 -14.7 0.391
1464 1188103 87.29913508 -25.381071079 17.76 i 16.8219 345 6.146 1540.416 2199.774 0.082638271 0.051087998 -0.062737562 5.612 3.132 58.3 0.442
1474 322733 87.031199362 -25.379611659 18.29 i 16.9839 277 8.011 3543.804 2211.268 0.077323005 0.054494634 0.02012616 4.442 3.511 -69.3 0.21
1519 80772 87.138239536 -25.364521063 15.467 i 14.2009 2335 11.007 2743.508 2336.871 0.0097329477 0.014866507 0.0027265323 10.318 8.109 -14.0 0.214
1560 129641 86.927149562 -25.366299773 16.902 i 16.5122 389 6.145 4322.036 2320.127 0.058312159 0.036852106 0.0087295491 5.271 4.111 -78.9 0.22
1577 10891 87.340150784 -25.346564322 14.245 i 13.1757 6897 17.679 1233.448 2485.083 0.0033518004 0.0056684618 0.0016847077 18.025 12.972 -18.0 0.28
1625 84696 87.355335135 -25.356824911 16.529 i 15.4286 915 8.033 1119.977 2400.046 0.0084406016 0.083776854 0.0050200759 10.939 3.453 -1.9 0.684
1626 80788 87.3907394 -25.345887614 15.908 i 14.6114 1894 9.329 855.076 2490.228 0.018847156 0.012518414 -0.0073461458 9.607 6.979 65.4 0.274
1637 80785 87.361282995 -25.350173928 16.725 i 15.4062 856 5.926 1075.431 2455.037 0.043819193 0.026130451 -0.0098348213 6.343 4.709 75.5 0.258
1723 80789 87.406046321 -25.338796711 17.066 i 15.5507 604 4.464 740.503 2548.745 0.040721104 0.066357084 0.0091294041 5.004 3.859 -9.8 0.229
1826 308285 87.419944478 -25.315534812 17.06 i 16.17 751 10.329 636.238 2741.096 0.031012364 0.016367687 -0.017243205 8.988 5.345 65.2 0.405
1852 136243 87.107726079 -25.301265179 15.357 i 14.2308 2922 12.6 2972.068 2860.23 0.0090225395 0.012813429 0.0085114753 12.64 8.012 -33.0 0.366
1884 322760 87.180252675 -25.30959967 17.47 i 16.1492 540 6.983 2429.412 2791.499 0.035318132 0.048737958 0.0138009 5.555 4.4 -22.9 0.208
1918 322762 87.377462476 -25.306882287 18.15 i 17.4271 211 5.67 953.96 2813.165 0.094577603 0.078479387 0.00060245185 3.57 3.252 -88.9 0.089
1923 17726 87.08167173 -25.281725757 14.753 i 13.7239 4367 16.651 3167.155 3021.777 0.0095894057 0.0060967891 -0.0090888469 18.335 8.87 55.5 0.516
1942 322766 87.405617983 -25.300773359 17.9 i 17.4574 250 7.83 743.233 2863.427 0.12825227 0.032488961 0.031894334 5.783 2.765 -80.8 0.522
1972 136241 86.939235501 -25.290871064 15.352 i 14.3263 2115 12.225 4232.893 2944.552 0.00729232 0.031569105 0.01791735 15.172 5.382 -18.2 0.645
1979 84692 87.151794614 -25.291390066 16.966 i 15.703 1035 10.147 2642.379 2942.138 0.022599218 0.016881021 0.0069775027 8.103 6.422 -64.7 0.208
1982 80777 87.198141299 -25.292057432 15.991 i 14.8741 1557 11.022 2295.585 2936.691 0.0092754727 0.032025274 -0.0125066 11.418 5.453 14.4 0.522
1993 84697 87.377089653 -25.289067358 15.96 i 14.9014 1136 8.17 956.558 2960.603 0.020788353 0.023315178 0.0010722391 6.954 6.534 -11.5 0.06
2250 84686 86.974980511 -25.250245255 17.472 i 16.0794 451 4.625 3965.999 3281.261 0.1039207 0.033359066 -0.027784446 5.705 3.063 79.3 0.463
2259 343609 87.328073173 -25.255986947 19.6 i 18.1485 126 5.324 1323.084 3234.779 0.091844507 0.1756971 0.039265167 3.381 2.357 -12.5 0.303
2315 308282 87.033018099 -25.233440063 17.75 i 16.4651 473 6.596 3531.753 3420.987 0.070689313 0.057101153 0.09210033 7.593 3.009 -49.2 0.604
2405 343602 87.287582393 -25.230613741 19.8 i 18.9795 63 4.821 1626.019 3445.0 0.39234683 0.12059977 -0.031002628 2.89 1.595 86.7 0.448
2431 579706 87.002626375 -25.217247667 17.901 i 16.5628 434 6.823 3759.475 3554.679 0.12010538 0.023123568 -0.049791485 7.646 2.816 76.4 0.632
2473 343608 87.196305511 -25.154394773 18.6 i 17.6745 228 7.59 2309.389 4075.976 0.11817744 0.043223366 -0.072316222 5.911 2.744 68.0 0.536
2608 1188303 87.150332266 -25.169285086 18.62 i 16.8453 283 4.671 2653.728 3952.665 0.061854567 0.099816367 -0.010342827 4.043 3.154 7.6 0.22
2665 665183 86.956934152 -25.178866883 17.854 i 16.4007 359 5.09 4102.173 3871.747 0.034168515 0.12022836 0.016867476 5.476 2.874 -5.5 0.475
2668 322813 87.079094487 -25.193809964 18.15 i 16.996 319 6.073 3187.122 3749.344 0.052181426 0.08838319 -0.070266977 5.702 3.018 31.4 0.471
2697 80787 87.388455957 -25.191396212 16.214 i 14.868 1267 6.796 870.393 3768.81 0.023373462 0.028679974 0.013266713 7.277 5.491 -34.1 0.246
2732 1188280 87.192239526 -25.192784066 18.02 i 17.2932 261 5.315 2339.819 3758.265 0.05702278 0.098442547 -0.042765278 4.566 3.05 23.0 0.332
2742 322811 87.201164612 -25.196781832 18.76 i 18.4451 82 6.494 2272.981 3725.184 0.18719767 0.16144408 -0.066615768 2.686 2.182 55.6 0.188
2767 343604 87.314346273 -25.132546559 19.2 i 17.8091 166 4.549 1424.986 4256.456 0.130383 0.092199139 0.055284105 3.588 2.627 -62.3 0.268
2809 129742 87.095349888 -25.204564591 18.1 i 16.3295 440 5.629 3065.318 3660.445 0.049095567 0.052492276 -0.004501231 4.566 4.319 26.5 0.054
2825 84691 87.110250152 -25.213066967 16.572 i 15.8444 737 8.717 2953.696 3590.164 0.018305695 0.041823655 -0.013100782 7.76 4.793 14.6 0.382
2883 80767 87.014806927 -25.146902322 15.952 i 14.5974 1613 7.114 3669.101 4136.989 0.028307158 0.015225848 0.0044537666 8.204 5.905 -80.6 0.28
2934 322833 87.171574701 -25.153561208 17.73 i 16.7835 433 8.006 2494.651 4082.847 0.066040345 0.037060369 -0.055968743 7.065 3.47 58.7 0.509
3039 665184 87.114469828 -25.120439795 17.423 i 16.2026 447 5.413 2922.615 4356.766 0.088246033 0.03308861 -0.014100445 5.573 3.35 82.8 0.399
